1009060026000 
1069000016000 
1219010026000 
1459000016000 
1489000016000 
1489000026000 
1489010026000 
1499000026000 
1649000016000 
1649020026000 
1649040026000 
1699000016000 
239000016000 
239000026000 
359010016000 
359030026000 
359050026000 
359070016000 
359080016000 
359100026000 
369010016000 
369020026000 
369080016000 
369100026000 
609000026000 
609030026000 
609040026000 
789000026000 
789020026000 
789030026000 
789040026000 
789050026000 
789060026000 
789080016000 
789080026000 
799000026000 
809010026000 
809020026000 
809030026000 
819000026000 
819060026000 
889000016000 
889010016000 
939000016000 
939010016000 
939030016000 
939040016000 
939050016000 
939060016000 
939070016000 
949000026000 
959000016000 
959010016000 
969000016000 
979000016000 
979010026000 
979020026000 
979030016000 
989000016000 
989010016000 
